600.00 0.002907
601.00 0.002935
602.00 0.002963
603.00 0.002992
604.00 0.003022
605.00 0.003052
606.00 0.003082
607.00 0.003113
608.00 0.003144
609.00 0.003175
610.00 0.003208
611.00 0.003240
612.00 0.003274
613.00 0.003307
614.00 0.003342
615.00 0.003377
616.00 0.003412
617.00 0.003448
618.00 0.003485
619.00 0.003522
620.00 0.003560
621.00 0.003599
622.00 0.003638
623.00 0.003678
624.00 0.003718
625.00 0.003759
626.00 0.003801
627.00 0.003844
628.00 0.003888
629.00 0.003932
630.00 0.003977
631.00 0.004023
632.00 0.004069
633.00 0.004117
634.00 0.004165
635.00 0.004214
636.00 0.004264
637.00 0.004316
638.00 0.004368
639.00 0.004421
640.00 0.004475
641.00 0.004530
642.00 0.004586
643.00 0.004643
644.00 0.004702
645.00 0.004761
646.00 0.004822
647.00 0.004884
648.00 0.004947
649.00 0.005011
650.00 0.005077
651.00 0.005144
652.00 0.005212
653.00 0.005282
654.00 0.005353
655.00 0.005426
656.00 0.005501
657.00 0.005576
658.00 0.005654
659.00 0.005733
660.00 0.005814
661.00 0.005897
662.00 0.005982
663.00 0.006068
664.00 0.006157
665.00 0.006247
666.00 0.006340
667.00 0.006434
668.00 0.006531
669.00 0.006630
670.00 0.006732
671.00 0.006836
672.00 0.006942
673.00 0.007051
674.00 0.007163
675.00 0.007277
676.00 0.007394
677.00 0.007515
678.00 0.007638
679.00 0.007764
680.00 0.007894
681.00 0.008027
682.00 0.008163
683.00 0.008303
684.00 0.008447
685.00 0.008594
686.00 0.008746
687.00 0.008902
688.00 0.009062
689.00 0.009226
690.00 0.009395
691.00 0.009569
692.00 0.009748
693.00 0.009932
694.00 0.010122
695.00 0.010317
696.00 0.010518
697.00 0.010725
698.00 0.010938
699.00 0.011158
700.00 0.011384
701.00 0.011618
702.00 0.011859
703.00 0.012108
704.00 0.012365
705.00 0.012630
706.00 0.012904
707.00 0.013188
708.00 0.013481
709.00 0.013784
710.00 0.014097
711.00 0.014422
712.00 0.014758
713.00 0.015106
714.00 0.015466
715.00 0.015840
716.00 0.016228
717.00 0.016631
718.00 0.017049
719.00 0.017483
720.00 0.017934
721.00 0.018403
722.00 0.018890
723.00 0.019398
724.00 0.019927
725.00 0.020477
726.00 0.021052
727.00 0.021650
728.00 0.022275
729.00 0.022928
730.00 0.023610
731.00 0.024323
732.00 0.025069
733.00 0.025850
734.00 0.026669
735.00 0.027527
736.00 0.028427
737.00 0.029372
738.00 0.030366
739.00 0.031411
740.00 0.032511
741.00 0.033669
742.00 0.034891
743.00 0.036180
744.00 0.037543
745.00 0.038983
746.00 0.040507
747.00 0.042123
748.00 0.043836
749.00 0.045656
750.00 0.047590
751.00 0.049649
752.00 0.051843
753.00 0.054184
754.00 0.056686
755.00 0.059363
756.00 0.062231
757.00 0.065309
758.00 0.068617
759.00 0.072177
760.00 0.076017
761.00 0.080163
762.00 0.084650
763.00 0.089514
764.00 0.094796
765.00 0.100545
766.00 0.106814
767.00 0.113665
768.00 0.121169
769.00 0.129405
770.00 0.138468
771.00 0.148462
772.00 0.159511
773.00 0.171757
774.00 0.185361
775.00 0.200511
776.00 0.217422
777.00 0.236341
778.00 0.257550
779.00 0.281366
780.00 0.308143
781.00 0.338271
782.00 0.372159
783.00 0.410224
784.00 0.452849
785.00 0.500329
786.00 0.552780
787.00 0.610011
788.00 0.671354
789.00 0.735464
790.00 0.800125
791.00 0.862152
792.00 0.917478
793.00 0.961557
794.00 0.990101
795.00 1.000000
796.00 0.990112
797.00 0.961579
798.00 0.917511
799.00 0.862197
800.00 0.800181
801.00 0.735530
802.00 0.671432
803.00 0.610100
804.00 0.552880
805.00 0.500440
806.00 0.452971
807.00 0.410358
808.00 0.372304
809.00 0.338428
810.00 0.308312
811.00 0.281545
812.00 0.257741
813.00 0.236544
814.00 0.217636
815.00 0.200736
816.00 0.185598
817.00 0.172006
818.00 0.159772
819.00 0.148735
820.00 0.138752
821.00 0.129702
822.00 0.121477
823.00 0.113986
824.00 0.107147
825.00 0.100890
826.00 0.095154
827.00 0.089883
828.00 0.085032
829.00 0.080558
830.00 0.076424
831.00 0.072597
832.00 0.069049
833.00 0.065754
834.00 0.062690
835.00 0.059835
836.00 0.057171
837.00 0.054683
838.00 0.052355
839.00 0.050174
840.00 0.048129
841.00 0.046209
842.00 0.044403
843.00 0.042704
844.00 0.041103
845.00 0.039593
846.00 0.038167
847.00 0.036820
848.00 0.035545
849.00 0.034338
850.00 0.033195
851.00 0.032111
852.00 0.031081
853.00 0.030103
854.00 0.029174
855.00 0.028290
856.00 0.027448
857.00 0.026646
858.00 0.025882
859.00 0.025153
860.00 0.024457
861.00 0.023793
862.00 0.023158
863.00 0.022551
864.00 0.021970
865.00 0.021414
866.00 0.020882
867.00 0.020373
868.00 0.019885
869.00 0.019416
870.00 0.018967
871.00 0.018537
872.00 0.018123
873.00 0.017726
874.00 0.017345
875.00 0.016978
876.00 0.016626
877.00 0.016288
878.00 0.015963
879.00 0.015650
880.00 0.015349
881.00 0.015059
882.00 0.014781
883.00 0.014512
884.00 0.014254
885.00 0.014006
886.00 0.013767
887.00 0.013536
888.00 0.013315
889.00 0.013101
890.00 0.012896
891.00 0.012698
892.00 0.012508
893.00 0.012325
894.00 0.012148
895.00 0.011979
896.00 0.011816
897.00 0.011659
898.00 0.011508
899.00 0.011363
900.00 0.011224
901.00 0.011091
902.00 0.010963
903.00 0.010840
904.00 0.010722
905.00 0.010610
906.00 0.010502
907.00 0.010400
908.00 0.010301
909.00 0.010208
910.00 0.010119
911.00 0.010035
912.00 0.009955
913.00 0.009879
914.00 0.009807
915.00 0.009740
916.00 0.009677
917.00 0.009618
918.00 0.009563
919.00 0.009512
920.00 0.009465
921.00 0.009423
922.00 0.009384
923.00 0.009349
924.00 0.009318
925.00 0.009291
926.00 0.009269
927.00 0.009250
928.00 0.009235
929.00 0.009225
930.00 0.009218
931.00 0.009216
932.00 0.009218
933.00 0.009225
934.00 0.009235
935.00 0.009251
936.00 0.009270
937.00 0.009295
938.00 0.009324
939.00 0.009358
940.00 0.009397
941.00 0.009441
942.00 0.009490
943.00 0.009545
944.00 0.009606
945.00 0.009672
946.00 0.009744
947.00 0.009823
948.00 0.009908
949.00 0.009999
950.00 0.010098
951.00 0.010204
952.00 0.010318
953.00 0.010439
954.00 0.010569
955.00 0.010708
956.00 0.010856
957.00 0.011014
958.00 0.011182
959.00 0.011360
960.00 0.011550
961.00 0.011752
962.00 0.011966
963.00 0.012194
964.00 0.012437
965.00 0.012694
966.00 0.012968
967.00 0.013258
968.00 0.013567
969.00 0.013896
970.00 0.014246
971.00 0.014618
972.00 0.015014
973.00 0.015436
974.00 0.015885
975.00 0.016365
976.00 0.016877
977.00 0.017424
978.00 0.018009
979.00 0.018636
980.00 0.019306
981.00 0.020026
982.00 0.020798
983.00 0.021629
984.00 0.022522
985.00 0.023485
986.00 0.024525
987.00 0.025648
988.00 0.026865
989.00 0.028183
990.00 0.029615
991.00 0.031174
992.00 0.032872
993.00 0.034727
994.00 0.036757
995.00 0.038983
996.00 0.041429
997.00 0.044123
998.00 0.047098
999.00 0.050389
1000.00 0.054039
1001.00 0.058097
1002.00 0.062620
1003.00 0.067671
1004.00 0.073324
1005.00 0.079665
1006.00 0.086789
1007.00 0.094801
1008.00 0.103818
1009.00 0.113964
1010.00 0.125363
1011.00 0.138130
1012.00 0.152355
1013.00 0.168071
1014.00 0.185221
1015.00 0.203605
1016.00 0.222819
1017.00 0.242199
1018.00 0.260788
1019.00 0.277368
1020.00 0.290574
1021.00 0.299120
1022.00 0.302072
1023.00 0.299088
1024.00 0.290511
1025.00 0.277274
1026.00 0.260663
1027.00 0.242042
1028.00 0.222631
1029.00 0.203385
1030.00 0.184970
1031.00 0.167788
1032.00 0.152041
1033.00 0.137785
1034.00 0.124986
1035.00 0.113555
1036.00 0.103377
1037.00 0.094327
1038.00 0.086283
1039.00 0.079127
1040.00 0.072754
1041.00 0.067068
1042.00 0.061984
1043.00 0.057429
1044.00 0.053337
1045.00 0.049654
1046.00 0.046329
1047.00 0.043321
1048.00 0.040593
1049.00 0.038113
1050.00 0.035853
1051.00 0.033788
1052.00 0.031898
1053.00 0.030165
1054.00 0.028572
1055.00 0.027104
1056.00 0.025749
1057.00 0.024497
1058.00 0.023337
1059.00 0.022261
1060.00 0.021261
1061.00 0.020330
1062.00 0.019461
1063.00 0.018651
1064.00 0.017893
1065.00 0.017183
1066.00 0.016518
1067.00 0.015893
1068.00 0.015306
1069.00 0.014753
1070.00 0.014232
1071.00 0.013741
1072.00 0.013277
1073.00 0.012838
1074.00 0.012423
1075.00 0.012030
1076.00 0.011658
1077.00 0.011304
1078.00 0.010968
1079.00 0.010649
1080.00 0.010345
1081.00 0.010056
1082.00 0.009780
1083.00 0.009517
1084.00 0.009266
1085.00 0.009026
1086.00 0.008797
1087.00 0.008578
1088.00 0.008369
1089.00 0.008168
1090.00 0.007976
1091.00 0.007791
1092.00 0.007614
1093.00 0.007445
1094.00 0.007282
1095.00 0.007125
1096.00 0.006974
1097.00 0.006829
1098.00 0.006690
1099.00 0.006555
1100.00 0.006426
1101.00 0.006301
1102.00 0.006181
1103.00 0.006065
1104.00 0.005953
1105.00 0.005845
1106.00 0.005741
1107.00 0.005640
1108.00 0.005543
1109.00 0.005448
1110.00 0.005357
1111.00 0.005269
1112.00 0.005184
1113.00 0.005101
1114.00 0.005021
1115.00 0.004944
1116.00 0.004868
1117.00 0.004796
1118.00 0.004725
1119.00 0.004656
1120.00 0.004590
1121.00 0.004525
1122.00 0.004463
1123.00 0.004402
1124.00 0.004343
1125.00 0.004285
1126.00 0.004229
1127.00 0.004175
1128.00 0.004122
1129.00 0.004071
1130.00 0.004021
1131.00 0.003973
1132.00 0.003926
1133.00 0.003880
1134.00 0.003835
1135.00 0.003791
1136.00 0.003749
1137.00 0.003708
1138.00 0.003667
1139.00 0.003628
1140.00 0.003590
1141.00 0.003553
1142.00 0.003517
1143.00 0.003481
1144.00 0.003447
1145.00 0.003413
1146.00 0.003380
1147.00 0.003348
1148.00 0.003317
1149.00 0.003287
1150.00 0.003257
1151.00 0.003228
1152.00 0.003200
1153.00 0.003172
1154.00 0.003146
1155.00 0.003119
1156.00 0.003094
1157.00 0.003069
1158.00 0.003044
1159.00 0.003021
1160.00 0.002997
1161.00 0.002975
1162.00 0.002952
1163.00 0.002931
1164.00 0.002910
1165.00 0.002889
1166.00 0.002869
1167.00 0.002849
1168.00 0.002830
1169.00 0.002811
1170.00 0.002793
1171.00 0.002775
1172.00 0.002758
1173.00 0.002741
1174.00 0.002724
1175.00 0.002708
1176.00 0.002692
1177.00 0.002677
1178.00 0.002661
1179.00 0.002647
1180.00 0.002632
1181.00 0.002618
1182.00 0.002605
1183.00 0.002591
1184.00 0.002578
1185.00 0.002566
1186.00 0.002553
1187.00 0.002541
1188.00 0.002530
1189.00 0.002518
1190.00 0.002507
1191.00 0.002496
1192.00 0.002486
1193.00 0.002476
1194.00 0.002466
1195.00 0.002456
1196.00 0.002446
1197.00 0.002437
1198.00 0.002428
1199.00 0.002420
1200.00 0.002411
1201.00 0.002403
1202.00 0.002395
1203.00 0.002388
1204.00 0.002380
1205.00 0.002373
1206.00 0.002366
1207.00 0.002359
1208.00 0.002353
1209.00 0.002347
1210.00 0.002341
1211.00 0.002335
1212.00 0.002329
1213.00 0.002324
1214.00 0.002319
1215.00 0.002314
1216.00 0.002309
1217.00 0.002304
1218.00 0.002300
1219.00 0.002296
1220.00 0.002292
1221.00 0.002288
1222.00 0.002285
1223.00 0.002281
1224.00 0.002278
1225.00 0.002275
1226.00 0.002272
1227.00 0.002270
1228.00 0.002268
1229.00 0.002265
1230.00 0.002263
1231.00 0.002262
1232.00 0.002260
1233.00 0.002259
1234.00 0.002257
1235.00 0.002256
1236.00 0.002255
1237.00 0.002255
1238.00 0.002254
1239.00 0.002254
1240.00 0.002254
1241.00 0.002254
1242.00 0.002254
1243.00 0.002254
1244.00 0.002255
1245.00 0.002256
1246.00 0.002257
1247.00 0.002258
1248.00 0.002259
1249.00 0.002260
1250.00 0.002262
1251.00 0.002264
1252.00 0.002266
1253.00 0.002268
1254.00 0.002271
1255.00 0.002273
1256.00 0.002276
1257.00 0.002279
1258.00 0.002282
1259.00 0.002285
1260.00 0.002289
1261.00 0.002293
1262.00 0.002296
1263.00 0.002300
1264.00 0.002305
1265.00 0.002309
1266.00 0.002314
1267.00 0.002319
1268.00 0.002324
1269.00 0.002329
1270.00 0.002334
1271.00 0.002340
1272.00 0.002346
1273.00 0.002352
1274.00 0.002358
1275.00 0.002364
1276.00 0.002371
1277.00 0.002378
1278.00 0.002385
1279.00 0.002392
1280.00 0.002400
1281.00 0.002407
1282.00 0.002415
1283.00 0.002423
1284.00 0.002432
1285.00 0.002440
1286.00 0.002449
1287.00 0.002458
1288.00 0.002467
1289.00 0.002477
1290.00 0.002486
1291.00 0.002496
1292.00 0.002507
1293.00 0.002517
1294.00 0.002528
1295.00 0.002539
1296.00 0.002550
1297.00 0.002562
1298.00 0.002573
1299.00 0.002585
1300.00 0.002598
1301.00 0.002610
1302.00 0.002623
1303.00 0.002636
1304.00 0.002650
1305.00 0.002663
1306.00 0.002677
1307.00 0.002692
1308.00 0.002706
1309.00 0.002721
1310.00 0.002736
1311.00 0.002752
1312.00 0.002768
1313.00 0.002784
1314.00 0.002800
1315.00 0.002817
1316.00 0.002835
1317.00 0.002852
1318.00 0.002870
1319.00 0.002888
1320.00 0.002907
1321.00 0.002926
1322.00 0.002946
1323.00 0.002966
1324.00 0.002986
1325.00 0.003006
1326.00 0.003028
1327.00 0.003049
1328.00 0.003071
1329.00 0.003093
1330.00 0.003116
1331.00 0.003139
1332.00 0.003163
1333.00 0.003188
1334.00 0.003212
1335.00 0.003237
1336.00 0.003263
1337.00 0.003289
1338.00 0.003316
1339.00 0.003344
1340.00 0.003371
1341.00 0.003400
1342.00 0.003429
1343.00 0.003459
1344.00 0.003489
1345.00 0.003520
1346.00 0.003551
1347.00 0.003583
1348.00 0.003616
1349.00 0.003650
1350.00 0.003684
1351.00 0.003719
1352.00 0.003754
1353.00 0.003791
1354.00 0.003828
1355.00 0.003866
1356.00 0.003904
1357.00 0.003944
1358.00 0.003984
1359.00 0.004025
1360.00 0.004067
1361.00 0.004110
1362.00 0.004154
1363.00 0.004199
1364.00 0.004245
1365.00 0.004292
1366.00 0.004340
1367.00 0.004389
1368.00 0.004439
1369.00 0.004490
1370.00 0.004542
1371.00 0.004596
1372.00 0.004650
1373.00 0.004706
1374.00 0.004763
1375.00 0.004822
1376.00 0.004882
1377.00 0.004943
1378.00 0.005006
1379.00 0.005070
1380.00 0.005136
1381.00 0.005203
1382.00 0.005272
1383.00 0.005342
1384.00 0.005415
1385.00 0.005489
1386.00 0.005565
1387.00 0.005642
1388.00 0.005722
1389.00 0.005804
1390.00 0.005887
1391.00 0.005973
1392.00 0.006061
1393.00 0.006152
1394.00 0.006244
1395.00 0.006339
1396.00 0.006437
1397.00 0.006537
1398.00 0.006640
1399.00 0.006746
1400.00 0.006855
1401.00 0.006966
1402.00 0.007081
1403.00 0.007199
1404.00 0.007320
1405.00 0.007444
1406.00 0.007573
1407.00 0.007704
1408.00 0.007840
1409.00 0.007980
1410.00 0.008124
1411.00 0.008272
1412.00 0.008425
1413.00 0.008582
1414.00 0.008744
1415.00 0.008911
1416.00 0.009084
1417.00 0.009261
1418.00 0.009445
1419.00 0.009634
1420.00 0.009830
1421.00 0.010032
1422.00 0.010241
1423.00 0.010457
1424.00 0.010680
1425.00 0.010911
1426.00 0.011150
1427.00 0.011397
1428.00 0.011653
1429.00 0.011919
1430.00 0.012194
1431.00 0.012479
1432.00 0.012775
1433.00 0.013081
1434.00 0.013400
1435.00 0.013731
1436.00 0.014074
1437.00 0.014432
1438.00 0.014803
1439.00 0.015190
1440.00 0.015592
1441.00 0.016012
1442.00 0.016449
1443.00 0.016904
1444.00 0.017380
1445.00 0.017876
1446.00 0.018395
1447.00 0.018937
1448.00 0.019504
1449.00 0.020097
1450.00 0.020718
1451.00 0.021369
1452.00 0.022052
1453.00 0.022768
1454.00 0.023521
1455.00 0.024312
1456.00 0.025144
1457.00 0.026020
1458.00 0.026943
1459.00 0.027917
1460.00 0.028945
1461.00 0.030031
1462.00 0.031179
1463.00 0.032395
1464.00 0.033683
1465.00 0.035050
1466.00 0.036502
1467.00 0.038045
1468.00 0.039688
1469.00 0.041440
1470.00 0.043309
1471.00 0.045306
1472.00 0.047444
1473.00 0.049734
1474.00 0.052192
1475.00 0.054834
1476.00 0.057679
1477.00 0.060746
1478.00 0.064059
1479.00 0.067644
1480.00 0.071531
1481.00 0.075753
1482.00 0.080348
1483.00 0.085359
1484.00 0.090835
1485.00 0.096833
1486.00 0.103418
1487.00 0.110664
1488.00 0.118655
1489.00 0.127490
1490.00 0.137282
1491.00 0.148160
1492.00 0.160276
1493.00 0.173800
1494.00 0.188931
1495.00 0.205893
1496.00 0.224941
1497.00 0.246358
1498.00 0.270455
1499.00 0.297561
1500.00 0.328008
1501.00 0.362103
1502.00 0.400082
1503.00 0.442038
1504.00 0.487818
1505.00 0.536887
1506.00 0.588170
1507.00 0.639894
1508.00 0.689511
1509.00 0.733766
1510.00 0.769024
1511.00 0.791854
1512.00 0.799767
1513.00 0.791852
1514.00 0.769020
1515.00 0.733760
1516.00 0.689503
1517.00 0.639884
1518.00 0.588158
1519.00 0.536874
1520.00 0.487802
1521.00 0.442021
1522.00 0.400063
1523.00 0.362082
1524.00 0.327985
1525.00 0.297536
1526.00 0.270428
1527.00 0.246329
1528.00 0.224910
1529.00 0.205860
1530.00 0.188896
1531.00 0.173763
1532.00 0.160237
1533.00 0.148119
1534.00 0.137239
1535.00 0.127445
1536.00 0.118608
1537.00 0.110615
1538.00 0.103368
1539.00 0.096781
1540.00 0.090780
1541.00 0.085302
1542.00 0.080289
1543.00 0.075692
1544.00 0.071469
1545.00 0.067580
1546.00 0.063993
1547.00 0.060677
1548.00 0.057608
1549.00 0.054762
1550.00 0.052118
1551.00 0.049657
1552.00 0.047365
1553.00 0.045226
1554.00 0.043226
1555.00 0.041355
1556.00 0.039602
1557.00 0.037957
1558.00 0.036411
1559.00 0.034957
1560.00 0.033589
1561.00 0.032298
1562.00 0.031080
1563.00 0.029930
1564.00 0.028842
1565.00 0.027812
1566.00 0.026837
1567.00 0.025911
1568.00 0.025033
1569.00 0.024199
1570.00 0.023406
1571.00 0.022651
1572.00 0.021933
1573.00 0.021248
1574.00 0.020595
1575.00 0.019971
1576.00 0.019376
1577.00 0.018807
1578.00 0.018263
1579.00 0.017742
1580.00 0.017244
1581.00 0.016766
1582.00 0.016308
1583.00 0.015869
1584.00 0.015448
1585.00 0.015043
1586.00 0.014654
1587.00 0.014281
1588.00 0.013921
1589.00 0.013575
1590.00 0.013242
1591.00 0.012922
1592.00 0.012613
1593.00 0.012315
1594.00 0.012027
1595.00 0.011750
1596.00 0.011483
1597.00 0.011224
1598.00 0.010975
1599.00 0.010734
1600.00 0.010500
1601.00 0.010275
1602.00 0.010057
1603.00 0.009846
1604.00 0.009641
1605.00 0.009443
1606.00 0.009252
1607.00 0.009066
1608.00 0.008885
1609.00 0.008711
1610.00 0.008541
1611.00 0.008377
1612.00 0.008217
1613.00 0.008062
1614.00 0.007912
1615.00 0.007765
1616.00 0.007623
1617.00 0.007485
1618.00 0.007351
1619.00 0.007220
1620.00 0.007093
1621.00 0.006970
1622.00 0.006849
1623.00 0.006732
1624.00 0.006618
1625.00 0.006507
1626.00 0.006399
1627.00 0.006294
1628.00 0.006191
1629.00 0.006091
1630.00 0.005993
1631.00 0.005898
1632.00 0.005805
1633.00 0.005714
1634.00 0.005626
1635.00 0.005539
1636.00 0.005455
1637.00 0.005373
1638.00 0.005293
1639.00 0.005214
1640.00 0.005137
1641.00 0.005062
1642.00 0.004989
1643.00 0.004918
1644.00 0.004848
1645.00 0.004779
1646.00 0.004712
1647.00 0.004647
1648.00 0.004583
1649.00 0.004520
1650.00 0.004459
1651.00 0.004399
1652.00 0.004340
1653.00 0.004283
1654.00 0.004226
1655.00 0.004171
1656.00 0.004117
1657.00 0.004064
1658.00 0.004012
1659.00 0.003962
1660.00 0.003912
1661.00 0.003863
1662.00 0.003815
1663.00 0.003768
1664.00 0.003722
1665.00 0.003677
1666.00 0.003633
1667.00 0.003589
1668.00 0.003547
1669.00 0.003505
1670.00 0.003464
1671.00 0.003424
1672.00 0.003384
1673.00 0.003346
1674.00 0.003307
1675.00 0.003270
1676.00 0.003233
1677.00 0.003197
1678.00 0.003162
1679.00 0.003127
1680.00 0.003093
1681.00 0.003059
1682.00 0.003026
1683.00 0.002994
1684.00 0.002962
1685.00 0.002931
1686.00 0.002900
1687.00 0.002870
1688.00 0.002840
1689.00 0.002811
1690.00 0.002782
1691.00 0.002754
1692.00 0.002726
1693.00 0.002699
1694.00 0.002672
1695.00 0.002645
1696.00 0.002619
1697.00 0.002593
1698.00 0.002568
1699.00 0.002543
1700.00 0.002519
1701.00 0.002495
1702.00 0.002471
1703.00 0.002448
1704.00 0.002425
1705.00 0.002402
1706.00 0.002380
1707.00 0.002358
1708.00 0.002336
1709.00 0.002315
1710.00 0.002294
1711.00 0.002273
1712.00 0.002253
1713.00 0.002233
1714.00 0.002213
1715.00 0.002194
1716.00 0.002175
1717.00 0.002156
1718.00 0.002137
1719.00 0.002119
1720.00 0.002101
1721.00 0.002083
1722.00 0.002065
1723.00 0.002048
1724.00 0.002031
1725.00 0.002014
1726.00 0.001997
1727.00 0.001981
1728.00 0.001964
1729.00 0.001949
1730.00 0.001933
1731.00 0.001917
1732.00 0.001902
1733.00 0.001887
1734.00 0.001872
1735.00 0.001857
1736.00 0.001843
1737.00 0.001828
1738.00 0.001814
1739.00 0.001800
1740.00 0.001786
1741.00 0.001773
1742.00 0.001759
1743.00 0.001746
1744.00 0.001733
1745.00 0.001720
1746.00 0.001707
1747.00 0.001695
1748.00 0.001682
1749.00 0.001670
1750.00 0.001658
1751.00 0.001646
1752.00 0.001634
1753.00 0.001622
1754.00 0.001611
1755.00 0.001599
1756.00 0.001588
1757.00 0.001577
1758.00 0.001566
1759.00 0.001555
1760.00 0.001544
1761.00 0.001534
1762.00 0.001523
1763.00 0.001513
1764.00 0.001502
1765.00 0.001492
1766.00 0.001482
1767.00 0.001472
1768.00 0.001463
1769.00 0.001453
1770.00 0.001443
1771.00 0.001434
1772.00 0.001425
1773.00 0.001415
1774.00 0.001406
1775.00 0.001397
1776.00 0.001388
1777.00 0.001380
1778.00 0.001371
1779.00 0.001362
1780.00 0.001354
1781.00 0.001345
1782.00 0.001337
1783.00 0.001329
1784.00 0.001321
1785.00 0.001312
1786.00 0.001304
1787.00 0.001297
1788.00 0.001289
1789.00 0.001281
1790.00 0.001273
1791.00 0.001266
1792.00 0.001258
1793.00 0.001251
1794.00 0.001244
1795.00 0.001236
1796.00 0.001229
1797.00 0.001222
1798.00 0.001215
1799.00 0.001208
1800.00 0.001201
1801.00 0.001194
1802.00 0.001188
1803.00 0.001181
1804.00 0.001174
1805.00 0.001168
1806.00 0.001161
1807.00 0.001155
1808.00 0.001149
1809.00 0.001142
1810.00 0.001136
1811.00 0.001130
1812.00 0.001124
1813.00 0.001118
1814.00 0.001112
1815.00 0.001106
1816.00 0.001100
1817.00 0.001094
1818.00 0.001089
1819.00 0.001083
1820.00 0.001077
1821.00 0.001072
1822.00 0.001066
1823.00 0.001061
1824.00 0.001055
1825.00 0.001050
1826.00 0.001045
1827.00 0.001039
1828.00 0.001034
1829.00 0.001029
1830.00 0.001024
1831.00 0.001019
1832.00 0.001014
1833.00 0.001009
1834.00 0.001004
1835.00 0.000999
1836.00 0.000994
1837.00 0.000990
1838.00 0.000985
1839.00 0.000980
1840.00 0.000975
1841.00 0.000971
1842.00 0.000966
1843.00 0.000962
1844.00 0.000957
1845.00 0.000953
1846.00 0.000948
1847.00 0.000944
1848.00 0.000940
1849.00 0.000935
1850.00 0.000931
1851.00 0.000927
1852.00 0.000923
1853.00 0.000919
1854.00 0.000915
1855.00 0.000910
1856.00 0.000906
1857.00 0.000902
1858.00 0.000898
1859.00 0.000895
1860.00 0.000891
1861.00 0.000887
1862.00 0.000883
1863.00 0.000879
1864.00 0.000875
1865.00 0.000872
1866.00 0.000868
1867.00 0.000864
1868.00 0.000861
1869.00 0.000857
1870.00 0.000854
1871.00 0.000850
1872.00 0.000847
1873.00 0.000843
1874.00 0.000840
1875.00 0.000836
1876.00 0.000833
1877.00 0.000829
1878.00 0.000826
1879.00 0.000823
1880.00 0.000820
1881.00 0.000816
1882.00 0.000813
1883.00 0.000810
1884.00 0.000807
1885.00 0.000804
1886.00 0.000800
1887.00 0.000797
1888.00 0.000794
1889.00 0.000791
1890.00 0.000788
1891.00 0.000785
1892.00 0.000782
1893.00 0.000779
1894.00 0.000776
1895.00 0.000774
1896.00 0.000771
1897.00 0.000768
1898.00 0.000765
1899.00 0.000762
1900.00 0.000759
1901.00 0.000757
1902.00 0.000754
1903.00 0.000751
1904.00 0.000749
1905.00 0.000746
1906.00 0.000743
1907.00 0.000741
1908.00 0.000738
1909.00 0.000736
1910.00 0.000733
1911.00 0.000730
1912.00 0.000728
1913.00 0.000725
1914.00 0.000723
1915.00 0.000720
1916.00 0.000718
1917.00 0.000716
1918.00 0.000713
1919.00 0.000711
1920.00 0.000708
1921.00 0.000706
1922.00 0.000704
1923.00 0.000701
1924.00 0.000699
1925.00 0.000697
1926.00 0.000695
1927.00 0.000692
1928.00 0.000690
1929.00 0.000688
1930.00 0.000686
1931.00 0.000684
1932.00 0.000681
1933.00 0.000679
1934.00 0.000677
1935.00 0.000675
1936.00 0.000673
1937.00 0.000671
1938.00 0.000669
1939.00 0.000667
1940.00 0.000665
1941.00 0.000663
1942.00 0.000661
1943.00 0.000659
1944.00 0.000657
1945.00 0.000655
1946.00 0.000653
1947.00 0.000651
1948.00 0.000649
1949.00 0.000647
1950.00 0.000645
1951.00 0.000644
1952.00 0.000642
1953.00 0.000640
1954.00 0.000638
1955.00 0.000636
1956.00 0.000634
1957.00 0.000633
1958.00 0.000631
1959.00 0.000629
1960.00 0.000627
1961.00 0.000626
1962.00 0.000624
1963.00 0.000622
1964.00 0.000621
1965.00 0.000619
1966.00 0.000617
1967.00 0.000616
1968.00 0.000614
1969.00 0.000612
1970.00 0.000611
1971.00 0.000609
1972.00 0.000608
1973.00 0.000606
1974.00 0.000604
1975.00 0.000603
1976.00 0.000601
1977.00 0.000600
1978.00 0.000598
1979.00 0.000597
1980.00 0.000595
1981.00 0.000594
1982.00 0.000592
1983.00 0.000591
1984.00 0.000589
1985.00 0.000588
1986.00 0.000587
1987.00 0.000585
1988.00 0.000584
1989.00 0.000582
1990.00 0.000581
1991.00 0.000580
1992.00 0.000578
1993.00 0.000577
1994.00 0.000576
1995.00 0.000574
1996.00 0.000573
1997.00 0.000572
1998.00 0.000570
1999.00 0.000569
2000.00 0.000568
2001.00 0.000567
2002.00 0.000565
2003.00 0.000564
2004.00 0.000563
2005.00 0.000562
2006.00 0.000560
2007.00 0.000559
2008.00 0.000558
2009.00 0.000557
2010.00 0.000556
2011.00 0.000554
2012.00 0.000553
2013.00 0.000552
2014.00 0.000551
2015.00 0.000550
2016.00 0.000549
2017.00 0.000547
2018.00 0.000546
2019.00 0.000545
2020.00 0.000544
2021.00 0.000543
2022.00 0.000542
2023.00 0.000541
2024.00 0.000540
2025.00 0.000539
2026.00 0.000538
2027.00 0.000537
2028.00 0.000536
2029.00 0.000535
2030.00 0.000534
2031.00 0.000533
2032.00 0.000532
2033.00 0.000531
2034.00 0.000530
2035.00 0.000529
2036.00 0.000528
2037.00 0.000527
2038.00 0.000526
2039.00 0.000525
2040.00 0.000524
2041.00 0.000523
2042.00 0.000522
2043.00 0.000521
2044.00 0.000520
2045.00 0.000519
2046.00 0.000519
2047.00 0.000518
2048.00 0.000517
2049.00 0.000516
2050.00 0.000515
2051.00 0.000514
2052.00 0.000513
2053.00 0.000513
2054.00 0.000512
2055.00 0.000511
2056.00 0.000510
2057.00 0.000509
2058.00 0.000508
2059.00 0.000508
2060.00 0.000507
2061.00 0.000506
2062.00 0.000505
2063.00 0.000505
2064.00 0.000504
2065.00 0.000503
2066.00 0.000502
2067.00 0.000502
2068.00 0.000501
2069.00 0.000500
2070.00 0.000499
2071.00 0.000499
2072.00 0.000498
2073.00 0.000497
2074.00 0.000497
2075.00 0.000496
2076.00 0.000495
2077.00 0.000494
2078.00 0.000494
2079.00 0.000493
2080.00 0.000492
2081.00 0.000492
2082.00 0.000491
2083.00 0.000491
2084.00 0.000490
2085.00 0.000489
2086.00 0.000489
2087.00 0.000488
2088.00 0.000487
2089.00 0.000487
2090.00 0.000486
2091.00 0.000486
2092.00 0.000485
2093.00 0.000484
2094.00 0.000484
2095.00 0.000483
2096.00 0.000483
2097.00 0.000482
2098.00 0.000482
2099.00 0.000481
2100.00 0.000481
2101.00 0.000480
2102.00 0.000480
2103.00 0.000479
2104.00 0.000479
2105.00 0.000478
2106.00 0.000478
2107.00 0.000477
2108.00 0.000477
2109.00 0.000476
2110.00 0.000476
2111.00 0.000475
2112.00 0.000475
2113.00 0.000474
2114.00 0.000474
2115.00 0.000473
2116.00 0.000473
2117.00 0.000472
2118.00 0.000472
2119.00 0.000471
2120.00 0.000471
2121.00 0.000471
2122.00 0.000470
2123.00 0.000470
2124.00 0.000469
2125.00 0.000469
2126.00 0.000469
2127.00 0.000468
2128.00 0.000468
2129.00 0.000467
2130.00 0.000467
2131.00 0.000467
2132.00 0.000466
2133.00 0.000466
2134.00 0.000466
2135.00 0.000465
2136.00 0.000465
2137.00 0.000465
2138.00 0.000464
2139.00 0.000464
2140.00 0.000464
2141.00 0.000463
2142.00 0.000463
2143.00 0.000463
2144.00 0.000462
2145.00 0.000462
2146.00 0.000462
2147.00 0.000461
2148.00 0.000461
2149.00 0.000461
2150.00 0.000461
2151.00 0.000460
2152.00 0.000460
2153.00 0.000460
2154.00 0.000460
2155.00 0.000459
2156.00 0.000459
2157.00 0.000459
2158.00 0.000459
2159.00 0.000458
2160.00 0.000458
2161.00 0.000458
2162.00 0.000458
2163.00 0.000457
2164.00 0.000457
2165.00 0.000457
2166.00 0.000457
2167.00 0.000457
2168.00 0.000457
2169.00 0.000456
2170.00 0.000456
2171.00 0.000456
2172.00 0.000456
2173.00 0.000456
2174.00 0.000455
2175.00 0.000455
2176.00 0.000455
2177.00 0.000455
2178.00 0.000455
2179.00 0.000455
2180.00 0.000455
2181.00 0.000455
2182.00 0.000454
2183.00 0.000454
2184.00 0.000454
2185.00 0.000454
2186.00 0.000454
2187.00 0.000454
2188.00 0.000454
2189.00 0.000454
2190.00 0.000454
2191.00 0.000454
2192.00 0.000453
2193.00 0.000453
2194.00 0.000453
2195.00 0.000453
2196.00 0.000453
2197.00 0.000453
2198.00 0.000453
2199.00 0.000453
2200.00 0.000453
2201.00 0.000453
2202.00 0.000453
2203.00 0.000453
2204.00 0.000453
2205.00 0.000453
2206.00 0.000453
2207.00 0.000453
2208.00 0.000453
2209.00 0.000453
2210.00 0.000453
2211.00 0.000453
2212.00 0.000453
2213.00 0.000453
2214.00 0.000453
2215.00 0.000453
2216.00 0.000453
2217.00 0.000453
2218.00 0.000453
2219.00 0.000453
2220.00 0.000453
2221.00 0.000453
2222.00 0.000453
2223.00 0.000454
2224.00 0.000454
2225.00 0.000454
2226.00 0.000454
2227.00 0.000454
2228.00 0.000454
2229.00 0.000454
2230.00 0.000454
2231.00 0.000454
2232.00 0.000454
2233.00 0.000454
2234.00 0.000455
2235.00 0.000455
2236.00 0.000455
2237.00 0.000455
2238.00 0.000455
2239.00 0.000455
2240.00 0.000455
2241.00 0.000456
2242.00 0.000456
2243.00 0.000456
2244.00 0.000456
2245.00 0.000456
2246.00 0.000456
2247.00 0.000457
2248.00 0.000457
2249.00 0.000457
2250.00 0.000457
2251.00 0.000457
2252.00 0.000458
2253.00 0.000458
2254.00 0.000458
2255.00 0.000458
2256.00 0.000459
2257.00 0.000459
2258.00 0.000459
2259.00 0.000459
2260.00 0.000460
2261.00 0.000460
2262.00 0.000460
2263.00 0.000460
2264.00 0.000461
2265.00 0.000461
2266.00 0.000461
2267.00 0.000461
2268.00 0.000462
2269.00 0.000462
2270.00 0.000462
2271.00 0.000463
2272.00 0.000463
2273.00 0.000463
2274.00 0.000464
2275.00 0.000464
2276.00 0.000464
2277.00 0.000464
2278.00 0.000465
2279.00 0.000465
2280.00 0.000466
2281.00 0.000466
2282.00 0.000466
2283.00 0.000467
2284.00 0.000467
2285.00 0.000467
2286.00 0.000468
2287.00 0.000468
2288.00 0.000468
2289.00 0.000469
2290.00 0.000469
2291.00 0.000470
2292.00 0.000470
2293.00 0.000471
2294.00 0.000471
2295.00 0.000471
2296.00 0.000472
2297.00 0.000472
2298.00 0.000473
2299.00 0.000473
2300.00 0.000474
2301.00 0.000474
2302.00 0.000475
2303.00 0.000475
2304.00 0.000475
2305.00 0.000476
2306.00 0.000476
2307.00 0.000477
2308.00 0.000477
2309.00 0.000478
2310.00 0.000478
2311.00 0.000479
2312.00 0.000479
2313.00 0.000480
2314.00 0.000481
2315.00 0.000481
2316.00 0.000482
2317.00 0.000482
2318.00 0.000483
2319.00 0.000483
2320.00 0.000484
2321.00 0.000484
2322.00 0.000485
2323.00 0.000486
2324.00 0.000486
2325.00 0.000487
2326.00 0.000487
2327.00 0.000488
2328.00 0.000489
2329.00 0.000489
2330.00 0.000490
2331.00 0.000491
2332.00 0.000491
2333.00 0.000492
2334.00 0.000492
2335.00 0.000493
2336.00 0.000494
2337.00 0.000494
2338.00 0.000495
2339.00 0.000496
2340.00 0.000497
2341.00 0.000497
2342.00 0.000498
2343.00 0.000499
2344.00 0.000499
2345.00 0.000500
2346.00 0.000501
2347.00 0.000502
2348.00 0.000502
2349.00 0.000503
2350.00 0.000504
2351.00 0.000505
2352.00 0.000505
2353.00 0.000506
2354.00 0.000507
2355.00 0.000508
2356.00 0.000508
2357.00 0.000509
2358.00 0.000510
2359.00 0.000511
2360.00 0.000512
2361.00 0.000513
2362.00 0.000513
2363.00 0.000514
2364.00 0.000515
2365.00 0.000516
2366.00 0.000517
2367.00 0.000518
2368.00 0.000519
2369.00 0.000519
2370.00 0.000520
2371.00 0.000521
2372.00 0.000522
2373.00 0.000523
2374.00 0.000524
2375.00 0.000525
2376.00 0.000526
2377.00 0.000527
2378.00 0.000528
2379.00 0.000529
2380.00 0.000530
2381.00 0.000531
2382.00 0.000532
2383.00 0.000533
2384.00 0.000534
2385.00 0.000535
2386.00 0.000536
2387.00 0.000537
2388.00 0.000538
2389.00 0.000539
2390.00 0.000540
2391.00 0.000541
2392.00 0.000542
2393.00 0.000543
2394.00 0.000544
2395.00 0.000545
2396.00 0.000546
2397.00 0.000548
2398.00 0.000549
2399.00 0.000550
2400.00 0.000551
2401.00 0.000552
2402.00 0.000553
2403.00 0.000554
2404.00 0.000556
2405.00 0.000557
2406.00 0.000558
2407.00 0.000559
2408.00 0.000560
2409.00 0.000562
2410.00 0.000563
2411.00 0.000564
2412.00 0.000565
2413.00 0.000567
2414.00 0.000568
2415.00 0.000569
2416.00 0.000570
2417.00 0.000572
2418.00 0.000573
2419.00 0.000574
2420.00 0.000576
2421.00 0.000577
2422.00 0.000578
2423.00 0.000580
2424.00 0.000581
2425.00 0.000583
2426.00 0.000584
2427.00 0.000585
2428.00 0.000587
2429.00 0.000588
2430.00 0.000590
2431.00 0.000591
2432.00 0.000593
2433.00 0.000594
2434.00 0.000595
2435.00 0.000597
2436.00 0.000598
2437.00 0.000600
2438.00 0.000601
2439.00 0.000603
2440.00 0.000605
2441.00 0.000606
2442.00 0.000608
2443.00 0.000609
2444.00 0.000611
2445.00 0.000612
2446.00 0.000614
2447.00 0.000616
2448.00 0.000617
2449.00 0.000619
2450.00 0.000621
2451.00 0.000622
2452.00 0.000624
2453.00 0.000626
2454.00 0.000627
2455.00 0.000629
2456.00 0.000631
2457.00 0.000633
2458.00 0.000634
2459.00 0.000636
2460.00 0.000638
2461.00 0.000640
2462.00 0.000642
2463.00 0.000644
2464.00 0.000645
2465.00 0.000647
2466.00 0.000649
2467.00 0.000651
2468.00 0.000653
2469.00 0.000655
2470.00 0.000657
2471.00 0.000659
2472.00 0.000661
2473.00 0.000663
2474.00 0.000665
2475.00 0.000667
2476.00 0.000669
2477.00 0.000671
2478.00 0.000673
2479.00 0.000675
2480.00 0.000677
2481.00 0.000679
2482.00 0.000681
2483.00 0.000683
2484.00 0.000685
2485.00 0.000688
2486.00 0.000690
2487.00 0.000692
2488.00 0.000694
2489.00 0.000696
2490.00 0.000699
2491.00 0.000701
2492.00 0.000703
2493.00 0.000706
2494.00 0.000708
2495.00 0.000710
2496.00 0.000713
2497.00 0.000715
2498.00 0.000717
2499.00 0.000720
2500.00 0.000722
2501.00 0.000725
2502.00 0.000727
2503.00 0.000730
2504.00 0.000732
2505.00 0.000735
2506.00 0.000737
2507.00 0.000740
2508.00 0.000742
2509.00 0.000745
2510.00 0.000747
2511.00 0.000750
2512.00 0.000753
2513.00 0.000755
2514.00 0.000758
2515.00 0.000761
2516.00 0.000764
2517.00 0.000766
2518.00 0.000769
2519.00 0.000772
2520.00 0.000775
2521.00 0.000778
2522.00 0.000781
2523.00 0.000783
2524.00 0.000786
2525.00 0.000789
2526.00 0.000792
2527.00 0.000795
2528.00 0.000798
2529.00 0.000801
2530.00 0.000804
2531.00 0.000808
2532.00 0.000811
2533.00 0.000814
2534.00 0.000817
2535.00 0.000820
2536.00 0.000823
2537.00 0.000827
2538.00 0.000830
2539.00 0.000833
2540.00 0.000836
2541.00 0.000840
2542.00 0.000843
2543.00 0.000847
2544.00 0.000850
2545.00 0.000854
2546.00 0.000857
2547.00 0.000861
2548.00 0.000864
2549.00 0.000868
2550.00 0.000871
2551.00 0.000875
2552.00 0.000879
2553.00 0.000882
2554.00 0.000886
2555.00 0.000890
2556.00 0.000894
2557.00 0.000897
2558.00 0.000901
2559.00 0.000905
2560.00 0.000909
2561.00 0.000913
2562.00 0.000917
2563.00 0.000921
2564.00 0.000925
2565.00 0.000929
2566.00 0.000933
2567.00 0.000937
2568.00 0.000942
2569.00 0.000946
2570.00 0.000950
2571.00 0.000954
2572.00 0.000959
2573.00 0.000963
2574.00 0.000967
2575.00 0.000972
2576.00 0.000976
2577.00 0.000981
2578.00 0.000986
2579.00 0.000990
2580.00 0.000995
2581.00 0.000999
2582.00 0.001004
2583.00 0.001009
2584.00 0.001014
2585.00 0.001019
2586.00 0.001024
2587.00 0.001029
2588.00 0.001034
2589.00 0.001039
2590.00 0.001044
2591.00 0.001049
2592.00 0.001054
2593.00 0.001059
2594.00 0.001064
2595.00 0.001070
2596.00 0.001075
2597.00 0.001081
2598.00 0.001086
2599.00 0.001091
2600.00 0.001097
2601.00 0.001103
2602.00 0.001108
2603.00 0.001114
2604.00 0.001120
2605.00 0.001126
2606.00 0.001132
2607.00 0.001137
2608.00 0.001143
2609.00 0.001150
2610.00 0.001156
2611.00 0.001162
2612.00 0.001168
2613.00 0.001174
2614.00 0.001181
2615.00 0.001187
2616.00 0.001194
2617.00 0.001200
2618.00 0.001207
2619.00 0.001213
2620.00 0.001220
2621.00 0.001227
2622.00 0.001234
2623.00 0.001241
2624.00 0.001248
2625.00 0.001255
2626.00 0.001262
2627.00 0.001269
2628.00 0.001276
2629.00 0.001284
2630.00 0.001291
2631.00 0.001298
2632.00 0.001306
2633.00 0.001314
2634.00 0.001321
2635.00 0.001329
2636.00 0.001337
2637.00 0.001345
2638.00 0.001353
2639.00 0.001361
2640.00 0.001369
2641.00 0.001378
2642.00 0.001386
2643.00 0.001395
2644.00 0.001403
2645.00 0.001412
2646.00 0.001420
2647.00 0.001429
2648.00 0.001438
2649.00 0.001447
2650.00 0.001456
2651.00 0.001466
2652.00 0.001475
2653.00 0.001484
2654.00 0.001494
2655.00 0.001503
2656.00 0.001513
2657.00 0.001523
2658.00 0.001533
2659.00 0.001543
2660.00 0.001553
2661.00 0.001563
2662.00 0.001574
2663.00 0.001584
2664.00 0.001595
2665.00 0.001606
2666.00 0.001617
2667.00 0.001628
2668.00 0.001639
2669.00 0.001650
2670.00 0.001661
2671.00 0.001673
2672.00 0.001684
2673.00 0.001696
2674.00 0.001708
2675.00 0.001720
2676.00 0.001732
2677.00 0.001745
2678.00 0.001757
2679.00 0.001770
2680.00 0.001782
2681.00 0.001795
2682.00 0.001808
2683.00 0.001822
2684.00 0.001835
2685.00 0.001849
2686.00 0.001862
2687.00 0.001876
2688.00 0.001890
2689.00 0.001905
2690.00 0.001919
2691.00 0.001934
2692.00 0.001948
2693.00 0.001963
2694.00 0.001978
2695.00 0.001994
2696.00 0.002009
2697.00 0.002025
2698.00 0.002041
2699.00 0.002057
2700.00 0.002074
2701.00 0.002090
2702.00 0.002107
2703.00 0.002124
2704.00 0.002141
2705.00 0.002159
2706.00 0.002176
2707.00 0.002194
2708.00 0.002212
2709.00 0.002231
2710.00 0.002249
2711.00 0.002268
2712.00 0.002288
2713.00 0.002307
2714.00 0.002327
2715.00 0.002347
2716.00 0.002367
2717.00 0.002387
2718.00 0.002408
2719.00 0.002429
2720.00 0.002451
2721.00 0.002473
2722.00 0.002495
2723.00 0.002517
2724.00 0.002540
2725.00 0.002563
2726.00 0.002586
2727.00 0.002610
2728.00 0.002634
2729.00 0.002658
2730.00 0.002683
2731.00 0.002708
2732.00 0.002733
2733.00 0.002759
2734.00 0.002786
2735.00 0.002812
2736.00 0.002840
2737.00 0.002867
2738.00 0.002895
2739.00 0.002923
2740.00 0.002952
2741.00 0.002982
2742.00 0.003011
2743.00 0.003042
2744.00 0.003072
2745.00 0.003103
2746.00 0.003135
2747.00 0.003167
2748.00 0.003200
2749.00 0.003234
2750.00 0.003267
2751.00 0.003302
2752.00 0.003337
2753.00 0.003373
2754.00 0.003409
2755.00 0.003446
2756.00 0.003483
2757.00 0.003521
2758.00 0.003560
2759.00 0.003600
2760.00 0.003640
2761.00 0.003681
2762.00 0.003722
2763.00 0.003765
2764.00 0.003808
2765.00 0.003852
2766.00 0.003897
2767.00 0.003942
2768.00 0.003989
2769.00 0.004036
2770.00 0.004084
2771.00 0.004133
2772.00 0.004183
2773.00 0.004234
2774.00 0.004286
2775.00 0.004339
2776.00 0.004393
2777.00 0.004448
2778.00 0.004504
2779.00 0.004562
2780.00 0.004620
2781.00 0.004680
2782.00 0.004741
2783.00 0.004803
2784.00 0.004867
2785.00 0.004931
2786.00 0.004998
2787.00 0.005065
2788.00 0.005134
2789.00 0.005205
2790.00 0.005277
2791.00 0.005350
2792.00 0.005426
2793.00 0.005502
2794.00 0.005581
2795.00 0.005662
2796.00 0.005744
2797.00 0.005828
2798.00 0.005914
2799.00 0.006002
2800.00 0.006092
2801.00 0.006185
2802.00 0.006279
2803.00 0.006376
2804.00 0.006476
2805.00 0.006577
2806.00 0.006681
2807.00 0.006788
2808.00 0.006898
2809.00 0.007010
2810.00 0.007125
2811.00 0.007243
2812.00 0.007365
2813.00 0.007489
2814.00 0.007617
2815.00 0.007748
2816.00 0.007883
2817.00 0.008022
2818.00 0.008164
2819.00 0.008311
2820.00 0.008461
2821.00 0.008616
2822.00 0.008776
2823.00 0.008940
2824.00 0.009109
2825.00 0.009283
2826.00 0.009462
2827.00 0.009646
2828.00 0.009837
2829.00 0.010033
2830.00 0.010235
2831.00 0.010444
2832.00 0.010660
2833.00 0.010883
2834.00 0.011113
2835.00 0.011351
2836.00 0.011596
2837.00 0.011851
2838.00 0.012114
2839.00 0.012386
2840.00 0.012668
2841.00 0.012960
2842.00 0.013262
2843.00 0.013576
2844.00 0.013902
2845.00 0.014240
2846.00 0.014590
2847.00 0.014955
2848.00 0.015334
2849.00 0.015728
2850.00 0.016138
2851.00 0.016564
2852.00 0.017009
2853.00 0.017472
2854.00 0.017956
2855.00 0.018460
2856.00 0.018987
2857.00 0.019537
2858.00 0.020113
2859.00 0.020715
2860.00 0.021346
2861.00 0.022007
2862.00 0.022700
2863.00 0.023427
2864.00 0.024192
2865.00 0.024995
2866.00 0.025840
2867.00 0.026730
2868.00 0.027669
2869.00 0.028659
2870.00 0.029704
2871.00 0.030810
2872.00 0.031980
2873.00 0.033219
2874.00 0.034534
2875.00 0.035930
2876.00 0.037414
2877.00 0.038994
2878.00 0.040678
2879.00 0.042476
2880.00 0.044397
2881.00 0.046453
2882.00 0.048657
2883.00 0.051024
2884.00 0.053568
2885.00 0.056310
2886.00 0.059267
2887.00 0.062464
2888.00 0.065927
2889.00 0.069684
2890.00 0.073770
2891.00 0.078221
2892.00 0.083081
2893.00 0.088399
2894.00 0.094233
2895.00 0.100646
2896.00 0.107714
2897.00 0.115523
2898.00 0.124171
2899.00 0.133771
2900.00 0.144457
2901.00 0.156378
2902.00 0.169706
2903.00 0.184640
2904.00 0.201402
2905.00 0.220239
2906.00 0.241424
2907.00 0.265245
2908.00 0.291993
2909.00 0.321936
2910.00 0.355280
2911.00 0.392108
2912.00 0.432286
2913.00 0.475346
2914.00 0.520346
2915.00 0.565738
2916.00 0.609289
2917.00 0.648153
2918.00 0.679150
2919.00 0.699277
2920.00 0.706358
2921.00 0.699594
2922.00 0.679783
2923.00 0.649105
2924.00 0.610560
2925.00 0.567330
2926.00 0.522263
2927.00 0.477590
2928.00 0.434861
2929.00 0.395018
2930.00 0.358530
2931.00 0.325531
2932.00 0.295939
2933.00 0.269550
2934.00 0.246094
2935.00 0.225282
2936.00 0.206827
2937.00 0.190457
2938.00 0.175925
2939.00 0.163010
2940.00 0.151514
2941.00 0.141267
2942.00 0.132119
2943.00 0.123940
2944.00 0.116616
2945.00 0.110050
2946.00 0.104158
2947.00 0.098866
2948.00 0.094112
2949.00 0.089840
2950.00 0.086003
2951.00 0.082559
2952.00 0.079473
2953.00 0.076714
2954.00 0.074255
2955.00 0.072074
2956.00 0.070150
2957.00 0.068466
2958.00 0.067008
2959.00 0.065764
2960.00 0.064724
2961.00 0.063880
2962.00 0.063227
2963.00 0.062759
2964.00 0.062475
2965.00 0.062372
2966.00 0.062453
2967.00 0.062719
2968.00 0.063174
2969.00 0.063824
2970.00 0.064676
2971.00 0.065742
2972.00 0.067032
2973.00 0.068561
2974.00 0.070348
2975.00 0.072411
2976.00 0.074776
2977.00 0.077470
2978.00 0.080526
2979.00 0.083983
2980.00 0.087883
2981.00 0.092280
2982.00 0.097231
2983.00 0.102807
2984.00 0.109086
2985.00 0.116162
2986.00 0.124140
2987.00 0.133142
2988.00 0.143309
2989.00 0.154797
2990.00 0.167783
2991.00 0.182461
2992.00 0.199034
2993.00 0.217711
2994.00 0.238681
2995.00 0.262092
2996.00 0.288001
2997.00 0.316312
2998.00 0.346690
2999.00 0.378462
3000.00 0.410521
3001.00 0.441271
3002.00 0.468680
3003.00 0.490475
3004.00 0.504511
3005.00 0.509232
3006.00 0.504067
3007.00 0.489587
3008.00 0.467347
3009.00 0.439490
3010.00 0.408289
3011.00 0.375776
3012.00 0.343546
3013.00 0.312704
3014.00 0.283923
3015.00 0.257538
3016.00 0.233643
3017.00 0.212181
3018.00 0.193003
3019.00 0.175918
3020.00 0.160717
3021.00 0.147195
3022.00 0.135159
3023.00 0.124429
3024.00 0.114848
3025.00 0.106274
3026.00 0.098584
3027.00 0.091670
3028.00 0.085439
3029.00 0.079808
3030.00 0.074708
3031.00 0.070077
3032.00 0.065862
3033.00 0.062015
3034.00 0.058497
3035.00 0.055273
3036.00 0.052311
3037.00 0.049584
3038.00 0.047069
3039.00 0.044745
3040.00 0.042592
3041.00 0.040596
3042.00 0.038740
3043.00 0.037013
3044.00 0.035402
3045.00 0.033899
3046.00 0.032492
3047.00 0.031175
3048.00 0.029939
3049.00 0.028778
3050.00 0.027687
3051.00 0.026659
3052.00 0.025690
3053.00 0.024775
3054.00 0.023911
3055.00 0.023094
3056.00 0.022319
3057.00 0.021585
3058.00 0.020889
3059.00 0.020227
3060.00 0.019598
3061.00 0.019000
3062.00 0.018430
3063.00 0.017887
3064.00 0.017369
3065.00 0.016874
3066.00 0.016401
3067.00 0.015949
3068.00 0.015517
3069.00 0.015103
3070.00 0.014706
3071.00 0.014326
3072.00 0.013961
3073.00 0.013611
3074.00 0.013274
3075.00 0.012951
3076.00 0.012640
3077.00 0.012340
3078.00 0.012052
3079.00 0.011775
3080.00 0.011507
3081.00 0.011249
3082.00 0.011001
3083.00 0.010761
3084.00 0.010529
3085.00 0.010305
3086.00 0.010088
3087.00 0.009879
3088.00 0.009676
3089.00 0.009480
3090.00 0.009291
3091.00 0.009107
3092.00 0.008929
3093.00 0.008757
3094.00 0.008589
3095.00 0.008427
3096.00 0.008270
3097.00 0.008117
3098.00 0.007969
3099.00 0.007825
3100.00 0.007685
3101.00 0.007549
3102.00 0.007417
3103.00 0.007288
3104.00 0.007163
3105.00 0.007042
3106.00 0.006923
3107.00 0.006808
3108.00 0.006696
3109.00 0.006587
3110.00 0.006480
3111.00 0.006376
3112.00 0.006275
3113.00 0.006176
3114.00 0.006080
3115.00 0.005986
3116.00 0.005895
3117.00 0.005806
3118.00 0.005718
3119.00 0.005633
3120.00 0.005550
3121.00 0.005469
3122.00 0.005389
3123.00 0.005312
3124.00 0.005236
3125.00 0.005162
3126.00 0.005090
3127.00 0.005019
3128.00 0.004949
3129.00 0.004882
3130.00 0.004815
3131.00 0.004750
3132.00 0.004687
3133.00 0.004625
3134.00 0.004564
3135.00 0.004504
3136.00 0.004446
3137.00 0.004389
3138.00 0.004332
3139.00 0.004277
3140.00 0.004224
3141.00 0.004171
3142.00 0.004119
3143.00 0.004068
3144.00 0.004019
3145.00 0.003970
3146.00 0.003922
3147.00 0.003875
3148.00 0.003829
3149.00 0.003784
3150.00 0.003739
3151.00 0.003696
3152.00 0.003653
3153.00 0.003611
3154.00 0.003570
3155.00 0.003529
3156.00 0.003489
3157.00 0.003450
3158.00 0.003412
3159.00 0.003374
3160.00 0.003337
3161.00 0.003301
3162.00 0.003265
3163.00 0.003230
3164.00 0.003195
3165.00 0.003161
3166.00 0.003128
3167.00 0.003095
3168.00 0.003062
3169.00 0.003030
3170.00 0.002999
3171.00 0.002968
3172.00 0.002938
3173.00 0.002908
3174.00 0.002879
3175.00 0.002850
3176.00 0.002821
3177.00 0.002793
3178.00 0.002766
3179.00 0.002739
3180.00 0.002712
3181.00 0.002686
3182.00 0.002660
3183.00 0.002634
3184.00 0.002609
3185.00 0.002584
3186.00 0.002560
3187.00 0.002536
3188.00 0.002512
3189.00 0.002489
3190.00 0.002466
3191.00 0.002443
3192.00 0.002421
3193.00 0.002399
3194.00 0.002377
3195.00 0.002356
3196.00 0.002335
3197.00 0.002314
3198.00 0.002293
3199.00 0.002273
3200.00 0.002253
